1000000 1.0 2000 8192 0.001 0.001 0.001 1.0 1.0 1.0 100000.0
1000000 1.0 2000 8192 4.59 4.59 -4.31 10.67 2.63 -2.63 100000.0
1000000 1.0 2000 8192 1.00 1.00 2.00 1.00 0.00 0.00 1000.
1000000 1.0 2000 8192 1.00 1.00 -1.00 0.00 0.00 0.00 100000.0
1000000 1.0 2000 8192 0.326 -0.214 -0.74 -0.938 -0.388 0.97 100000.0
1000000 1.0 2000 8192 7.36 -2.2 -1.74 4.9 -6.8 9.0 100000.0
1000000 1.0 2000 16384 0.001 0.001 0.001 1.0 1.0 1.0 100000.0
1000000 1.0 2000 16384 4.59 4.59 -4.31 10.67 2.63 -2.63 100000.0
1000000 1.0 2000 16384 1.00 1.00 2.00 1.00 0.00 0.00 1000.
1000000 1.0 2000 16384 1.00 1.00 -1.00 0.00 0.00 0.00 100000.0
1000000 1.0 2000 16384 0.326 -0.214 -0.74 -0.938 -0.388 0.97 100000.0
1000000 1.0 2000 16384 7.36 -2.2 -1.74 4.9 -6.8 9.0 100000.0
